1 00000004 00005555
0 00000004 00000000
1 00000006 03020100
1 00000007 07060504
1 00000008 0B0A0908
1 00000009 0F0E0D0C
1 00000005 00001000
1 0000000A 00000001
0 0000000A 00000001
0 0000000A 00000001
0 0000000A 00000001
0 0000000A 00000001
0 0000000A 00000001
0 0000000A 00000001
0 0000000A 00000001
0 0000000A 00000001
0 0000000A 00000001
0 0000000A 00000001
0 0000000A 00000001
0 0000000A 00000001
0 0000000A 00000001
0 0000000A 00000001
0 0000000A 00000001
0 0000000A 00000001
0 0000000A 00000001
1 0000000A 00000002
0 0000000A 00000001
0 0000000A 00000001
0 0000000A 00000001
0 0000000A 00000001
0 0000000A 00000001
0 0000000A 00000001
0 0000000A 00000001
0 0000000A 00000001
0 0000000A 00000001
0 0000000A 00000001
0 0000000A 00000001
0 0000000A 00000001
0 0000000A 00000001
0 0000000A 00000001
0 0000000A 00000001
0 0000000A 00000001
0 0000000A 00000001
0 0000000B 00000000
0 0000000C 00000000
0 0000000D 00000000
0 0000000E 00000000
1 00000000 00000000
1 00000001 00000100
1 00000002 00000001
1 00000003 00000001
2 00000000 00000000

